b/y Value	Cost
1.4		8850.0268
1.4001		8850.1886
1.4002		8850.3504
1.4003		8850.5122
1.4004		8850.674
1.4005		8850.8358
1.4006		8850.9976
1.4007		8851.1594
1.4008		8851.3212
1.4009		8851.483
1.401		8851.6448
1.4011		8851.8471
1.4012		8852.0089
1.4013		8852.1707
1.4014		8852.3325
1.4015		8852.4943
1.4016		8852.6561
1.4017		8852.8179
1.4018		8852.9797
1.4019		8853.1415
1.402		8853.3033
1.4021		8853.4651
1.4022		8853.6269
1.4023		8853.7887
1.4024		8853.9505
1.4025		8854.1124
1.4026		8854.2742
1.4027		8854.436
1.4028		8854.5978
1.4029		8854.7596
1.403		8854.9214
1.4031		8855.0832
1.4032		8855.245
1.4033		8855.4068
1.4034		8855.5686
1.4035		8855.7304
1.4036		8855.8922
1.4037		8856.054
1.4038		8856.2158
1.4039		8856.3776
1.404		8856.5394
1.4041		8856.7012
1.4042		8856.863
1.4043		8857.0248
1.4044		8857.1866
1.4045		8857.3484
1.4046		8857.5102
1.4047		8857.672
1.4048		8857.8338
1.4049		8857.9956
1.405		8858.1574
1.4051		8858.3193
1.4052		8858.4811
1.4053		8858.6429
1.4054		8858.8047
1.4055		8858.9665
1.4056		8859.1283
1.4057		8859.2901
1.4058		8859.4519
1.4059		8859.6137
1.406		8859.7755
1.4061		8859.9373
1.4062		8860.0991
1.4063		8860.2609
1.4064		8860.4227
1.4065		8860.5845
1.4066		8860.7463
1.4067		8860.9081
1.4068		8861.0699
1.4069		8861.2317
1.407		8861.3935
1.4071		8861.5553
1.4072		8861.7171
1.4073		8861.8789
1.4074		8862.0407
1.4075		8862.2025
1.4076		8862.3643
1.4077		8862.5262
1.4078		8862.688
1.4079		8862.8498
1.408		8863.0116
1.4081		8863.1734
1.4082		8863.3352
1.4083		8863.497
1.4084		8863.6588
1.4085		8863.8206
1.4086		8863.9824
1.4087		8864.1442
1.4088		8864.306
1.4089		8864.4678
1.409		8864.6296
1.4091		8864.7914
1.4092		8864.9532
1.4093		8865.115
1.4094		8865.2768
1.4095		8865.4386
1.4096		8865.6004
1.4097		8865.7622
1.4098		8865.924
1.4099		8866.0858
1.41		8866.2476
1.4101		8866.4094
1.4102		8866.5712
1.4103		8866.7331
1.4104		8866.8949
1.4105		8867.0567
1.4106		8867.2185
1.4107		8867.3803
1.4108		8867.5421
1.4109		8867.7039
1.411		8867.8657
1.4111		8868.0275
1.4112		8868.1893
1.4113		8868.3511
1.4114		8868.5129
1.4115		8868.6747
1.4116		8868.8365
1.4117		8868.9983
1.4118		8869.1601
1.4119		8869.3219
1.412		8869.4837
1.4121		8869.686
1.4122		8869.8478
1.4123		8870.0096
1.4124		8870.1714
1.4125		8870.3332
1.4126		8870.495
1.4127		8870.6568
1.4128		8870.8186
1.4129		8870.9804
1.413		8871.1422
1.4131		8871.304
1.4132		8871.4658
1.4133		8871.6276
1.4134		8871.7894
1.4135		8871.9512
1.4136		8872.113
1.4137		8872.2748
1.4138		8872.4366
1.4139		8872.5984
1.414		8872.7602
1.4141		8872.922
1.4142		8873.0839
1.4143		8873.2457
1.4144		8873.4075
1.4145		8873.5693
1.4146		8873.7311
1.4147		8873.8929
1.4148		8874.0547
1.4149		8874.2165
1.415		8874.3783
1.4151		8874.5401
1.4152		8874.7019
1.4153		8874.8637
1.4154		8875.0255
1.4155		8875.1873
1.4156		8875.3491
1.4157		8875.5109
1.4158		8875.6727
1.4159		8875.8345
1.416		8875.9963
1.4161		8876.1581
1.4162		8876.3199
1.4163		8876.4817
1.4164		8876.6435
1.4165		8876.8053
1.4166		8876.9671
1.4167		8877.1289
1.4168		8877.2908
1.4169		8877.4526
1.417		8877.6144
1.4171		8877.7762
1.4172		8877.938
1.4173		8878.0998
1.4174		8878.2616
1.4175		8878.4234
1.4176		8878.5852
1.4177		8878.747
1.4178		8878.9088
1.4179		8879.0706
1.418		8879.2324
1.4181		8879.3942
1.4182		8879.556
1.4183		8879.7178
1.4184		8879.8796
1.4185		8880.0414
1.4186		8880.2032
1.4187		8880.365
1.4188		8880.5268
1.4189		8880.6886
1.419		8880.8504
1.4191		8881.0122
1.4192		8881.174
1.4193		8881.3358
1.4194		8881.4977
1.4195		8881.6595
1.4196		8881.8213
1.4197		8881.9831
1.4198		8882.1449
1.4199		8882.3067
1.42		8882.4685
1.4201		8882.6303
1.4202		8882.7921
1.4203		8882.9539
1.4204		8883.1157
1.4205		8883.2775
1.4206		8883.4393
1.4207		8883.6011
1.4208		8883.7629
1.4209		8883.9247
1.421		8884.0865
1.4211		8884.2483
1.4212		8884.4101
1.4213		8884.5719
1.4214		8884.7337
1.4215		8884.8955
1.4216		8885.0573
1.4217		8885.2191
1.4218		8885.3809
1.4219		8885.5427
1.422		8885.7046
1.4221		8885.8664
1.4222		8886.0282
1.4223		8886.19
1.4224		8886.3518
1.4225		8886.5136
1.4226		8886.6754
1.4227		8886.8372
1.4228		8886.999
1.4229		8887.1608
1.423		8887.3226
1.4231		8887.5248
1.4232		8887.6866
1.4233		8887.8485
1.4234		8888.0103
1.4235		8888.1721
1.4236		8888.3339
1.4237		8888.4957
1.4238		8888.6575
1.4239		8888.8193
1.424		8888.9811
1.4241		8889.1429
1.4242		8889.3047
1.4243		8889.4665
1.4244		8889.6283
1.4245		8889.7901
1.4246		8889.9519
1.4247		8890.1137
1.4248		8890.2755
1.4249		8890.4373
1.425		8890.5991
1.4251		8890.7609
1.4252		8890.9227
1.4253		8891.0845
1.4254		8891.2463
1.4255		8891.4081
1.4256		8891.5699
1.4257		8891.7317
1.4258		8891.8935
1.4259		8892.0554
1.426		8892.2172
1.4261		8892.379
1.4262		8892.5408
1.4263		8892.7026
1.4264		8892.8644
1.4265		8893.0262
1.4266		8893.188
1.4267		8893.3498
1.4268		8893.5116
1.4269		8893.6734
1.427		8893.8352
1.4271		8893.997
1.4272		8894.1588
1.4273		8894.3206
1.4274		8894.4824
1.4275		8894.6442
1.4276		8894.806
1.4277		8894.9678
1.4278		8895.1296
1.4279		8895.2914
1.428		8895.4532
1.4281		8895.615
1.4282		8895.7768
1.4283		8895.9386
1.4284		8896.1004
1.4285		8896.2623
1.4286		8896.4241
1.4287		8896.5859
1.4288		8896.7477
1.4289		8896.9095
1.429		8897.0713
1.4291		8897.2331
1.4292		8897.3949
1.4293		8897.5567
1.4294		8897.7185
1.4295		8897.8803
1.4296		8898.0421
1.4297		8898.2039
1.4298		8898.3657
1.4299		8898.5275
1.43		8898.6893
1.4301		8898.8511
1.4302		8899.0129
1.4303		8899.1747
1.4304		8899.3365
1.4305		8899.4983
1.4306		8899.6601
1.4307		8899.8219
1.4308		8899.9837
1.4309		8900.1455
1.431		8900.3073
1.4311		8900.4692
1.4312		8900.631
1.4313		8900.7928
1.4314		8900.9546
1.4315		8901.1164
1.4316		8901.2782
1.4317		8901.44
1.4318		8901.6018
1.4319		8901.7636
1.432		8901.9254
1.4321		8902.0872
1.4322		8902.249
1.4323		8902.4108
1.4324		8902.5726
1.4325		8902.7344
1.4326		8902.8962
1.4327		8903.058
1.4328		8903.2198
1.4329		8903.3816
1.433		8903.5434
1.4331		8903.7052
1.4332		8903.867
1.4333		8904.0288
1.4334		8904.1906
1.4335		8904.3524
1.4336		8904.5142
1.4337		8904.6761
1.4338		8904.8379
1.4339		8904.9997
1.434		8905.1615
1.4341		8905.3637
1.4342		8905.5255
1.4343		8905.6873
1.4344		8905.8491
1.4345		8906.0109
1.4346		8906.1727
1.4347		8906.3345
1.4348		8906.4963
1.4349		8906.6581
1.435		8906.82
1.4351		8906.9818
1.4352		8907.1436
1.4353		8907.3054
1.4354		8907.4672
1.4355		8907.629
1.4356		8907.7908
1.4357		8907.9526
1.4358		8908.1144
1.4359		8908.2762
1.436		8908.438
1.4361		8908.5998
1.4362		8908.7616
1.4363		8908.9234
1.4364		8909.0852
1.4365		8909.247
1.4366		8909.4088
1.4367		8909.5706
1.4368		8909.7324
1.4369		8909.8942
1.437		8910.056
1.4371		8910.2178
1.4372		8910.3796
1.4373		8910.5414
1.4374		8910.7032
1.4375		8910.865
1.4376		8911.0269
1.4377		8911.1887
1.4378		8839.4888
1.4379		8911.5123
1.438		8911.6741
1.4381		8911.8359
1.4382		8911.9977
1.4383		8912.1595
1.4384		8912.3213
1.4385		8912.4831
1.4386		8912.6449
1.4387		8912.8067
1.4388		8912.9685
1.4389		8913.1303
1.439		8913.2921
1.4391		8913.4539
1.4392		8913.6157
1.4393		8913.7775
1.4394		8913.9393
1.4395		8914.1011
1.4396		8914.2629
1.4397		8914.4247
1.4398		8914.5865
1.4399		8914.7483
1.44		8914.9101
1.4401		8915.0719
1.4402		8915.2338
1.4403		8915.3956
1.4404		8915.5574
1.4405		8915.7192
1.4406		8915.881
1.4407		8916.0428
1.4408		8916.2046
1.4409		8916.3664
1.441		8916.5282
1.4411		8916.69
1.4412		8916.8518
1.4413		8917.0136
1.4414		8917.1754
1.4415		8917.3372
1.4416		8917.499
1.4417		8917.6608
1.4418		8917.8226
1.4419		8917.9844
1.442		8918.1462
1.4421		8918.308
1.4422		8918.4698
1.4423		8918.6316
1.4424		8918.7934
1.4425		8918.9552
1.4426		8919.117
1.4427		8919.2788
1.4428		8919.4407
1.4429		8919.6025
1.443		8919.7643
1.4431		8919.9261
1.4432		8920.0879
1.4433		8920.2497
1.4434		8920.4115
1.4435		8920.5733
1.4436		8920.7351
1.4437		8920.8969
1.4438		8921.0587
1.4439		8921.2205
1.444		8921.3823
1.4441		8921.5441
1.4442		8921.7059
1.4443		8921.8677
1.4444		8922.0295
1.4445		8922.1913
1.4446		8922.3531
1.4447		8922.5149
1.4448		8922.6767
1.4449		8922.8385
1.445		8923.0003
1.4451		8923.2026
1.4452		8923.3644
1.4453		8923.5262
1.4454		8923.688
1.4455		8923.8498
1.4456		8924.0116
1.4457		8924.1734
1.4458		8924.3352
1.4459		8924.497
1.446		8924.6588
1.4461		8924.8206
1.4462		8924.9824
1.4463		8925.1442
1.4464		8925.306
1.4465		8925.4678
1.4466		8925.6296
1.4467		8925.7915
1.4468		8925.9533
1.4469		8926.1151
1.447		8926.2769
1.4471		8926.4387
1.4472		8926.6005
1.4473		8926.7623
1.4474		8926.9241
1.4475		8927.0859
1.4476		8927.2477
1.4477		8927.4095
1.4478		8927.5713
1.4479		8927.7331
1.448		8927.8949
1.4481		8928.0567
1.4482		8928.2185
1.4483		8928.3803
1.4484		8928.5421
1.4485		8928.7039
1.4486		8928.8657
1.4487		8929.0275
1.4488		8929.1893
1.4489		8929.3511
1.449		8929.5129
1.4491		8929.6747
1.4492		8929.8365
1.4493		8929.9984
1.4494		8930.1602
1.4495		8930.322
1.4496		8930.4838
1.4497		8930.6456
1.4498		8930.8074
1.4499		8930.9692
1.45		8931.131
1.4501		8931.2928
1.4502		8931.4546
1.4503		8931.6164
1.4504		8931.7782
1.4505		8931.94
1.4506		8932.1018
1.4507		8932.2636
1.4508		8932.4254
1.4509		8932.5872
1.451		8932.749
1.4511		8932.9108
1.4512		8933.0726
1.4513		8933.2344
1.4514		8933.3962
1.4515		8933.558
1.4516		8933.7198
1.4517		8933.8816
1.4518		8934.0434
1.4519		8934.2053
1.452		8934.3671
1.4521		8934.5289
1.4522		8934.6907
1.4523		8934.8525
1.4524		8935.0143
1.4525		8935.1761
1.4526		8935.3379
1.4527		8935.4997
1.4528		8935.6615
1.4529		8935.8233
1.453		8935.9851
1.4531		8936.1469
1.4532		8936.3087
1.4533		8936.4705
1.4534		8936.6323
1.4535		8936.7941
1.4536		8936.9559
1.4537		8937.1177
1.4538		8937.2795
1.4539		8937.4413
1.454		8937.6031
1.4541		8937.7649
1.4542		8937.9267
1.4543		8938.0885
1.4544		8938.2503
1.4545		8938.4122
1.4546		8938.574
1.4547		8938.7358
1.4548		8938.8976
1.4549		8939.0594
1.455		8939.2212
1.4551		8939.383
1.4552		8939.5448
1.4553		8939.7066
1.4554		8939.8684
1.4555		8940.0302
1.4556		8940.192
1.4557		8940.3538
1.4558		8940.5156
1.4559		8940.6774
1.456		8940.8392
1.4561		8941.0415
1.4562		8941.2033
1.4563		8941.3651
1.4564		8941.5269
1.4565		8941.6887
1.4566		8941.8505
1.4567		8942.0123
1.4568		8942.1741
1.4569		8942.3359
1.457		8942.4977
1.4571		8942.6595
1.4572		8942.8213
1.4573		8942.9831
1.4574		8943.1449
1.4575		8943.3067
1.4576		8943.4685
1.4577		8943.6303
1.4578		8943.7921
1.4579		8943.9539
1.458		8944.1157
1.4581		8944.2775
1.4582		8944.4393
1.4583		8944.6011
1.4584		8944.763
1.4585		8944.9248
1.4586		8945.0866
1.4587		8945.2484
1.4588		8945.4102
1.4589		8945.572
1.459		8945.7338
1.4591		8945.8956
1.4592		8946.0574
1.4593		8946.2192
1.4594		8946.381
1.4595		8946.5428
1.4596		8946.7046
1.4597		8946.8664
1.4598		8947.0282
1.4599		8947.19
1.46		8947.3518
1.4601		8947.5136
1.4602		8947.6754
1.4603		8947.8372
1.4604		8947.999
1.4605		8948.1608
1.4606		8948.3226
1.4607		8948.4844
1.4608		8948.6462
1.4609		8948.808
1.461		8948.9699
1.4611		8949.1317
1.4612		8949.2935
1.4613		8949.4553
1.4614		8949.6171
1.4615		8949.7789
1.4616		8949.9407
1.4617		8950.1025
1.4618		8950.2643
1.4619		8950.4261
1.462		8950.5879
1.4621		8950.7497
1.4622		8950.9115
1.4623		8951.0733
1.4624		8951.2351
1.4625		8951.3969
1.4626		8951.5587
1.4627		8951.7205
1.4628		8951.8823
1.4629		8952.0441
1.463		8952.2059
1.4631		8952.3677
1.4632		8952.5295
1.4633		8952.6913
1.4634		8952.8531
1.4635		8953.0149
1.4636		8953.1768
1.4637		8953.3386
1.4638		8953.5004
1.4639		8953.6622
1.464		8953.824
1.4641		8953.9858
1.4642		8954.1476
1.4643		8954.3094
1.4644		8954.4712
1.4645		8954.633
1.4646		8954.7948
1.4647		8954.9566
1.4648		8955.1184
1.4649		8955.2802
1.465		8955.442
1.4651		8955.6038
1.4652		8955.7656
1.4653		8955.9274
1.4654		8956.0892
1.4655		8956.251
1.4656		8956.4128
1.4657		8956.5746
1.4658		8956.7364
1.4659		8956.8982
1.466		8957.06
1.4661		8957.2218
1.4662		8957.3837
1.4663		8957.5455
1.4664		8957.7073
1.4665		8957.8691
1.4666		8958.0309
1.4667		8958.1927
1.4668		8958.3545
1.4669		8958.5163
1.467		8958.6781
1.4671		8958.8803
1.4672		8959.0421
1.4673		8959.2039
1.4674		8959.3657
1.4675		8959.5276
1.4676		8959.6894
1.4677		8959.8512
1.4678		8960.013
1.4679		8960.1748
1.468		8960.3366
1.4681		8960.4984
1.4682		8960.6602
1.4683		8960.822
1.4684		8960.9838
1.4685		8961.1456
1.4686		8961.3074
1.4687		8961.4692
1.4688		8961.631
1.4689		8961.7928
1.469		8961.9546
1.4691		8962.1164
1.4692		8962.2782
1.4693		8962.44
1.4694		8962.6018
1.4695		8962.7636
1.4696		8962.9254
1.4697		8963.0872
1.4698		8963.249
1.4699		8963.4108
1.47		8963.5726
1.4701		8963.7345
1.4702		8963.8963
1.4703		8964.0581
1.4704		8964.2199
1.4705		8964.3817
1.4706		8964.5435
1.4707		8964.7053
1.4708		8964.8671
1.4709		8965.0289
1.471		8965.1907
1.4711		8965.3525
1.4712		8965.5143
1.4713		8965.6761
1.4714		8965.8379
1.4715		8965.9997
1.4716		8966.1615
1.4717		8966.3233
1.4718		8966.4851
1.4719		8966.6469
1.472		8966.8087
1.4721		8966.9705
1.4722		8967.1323
1.4723		8967.2941
1.4724		8967.4559
1.4725		8967.6177
1.4726		8967.7795
1.4727		8967.9414
1.4728		8968.1032
1.4729		8968.265
1.473		8968.4268
1.4731		8968.5886
1.4732		8968.7504
1.4733		8968.9122
1.4734		8969.074
1.4735		8969.2358
1.4736		8969.3976
1.4737		8969.5594
1.4738		8969.7212
1.4739		8969.883
1.474		8970.0448
1.4741		8970.2066
1.4742		8970.3684
1.4743		8970.5302
1.4744		8970.692
1.4745		8970.8538
1.4746		8971.0156
1.4747		8971.1774
1.4748		8971.3392
1.4749		8971.501
1.475		8971.6628
1.4751		8971.8246
1.4752		8971.9864
1.4753		8972.1483
1.4754		8972.3101
1.4755		8972.4719
1.4756		8972.6337
1.4757		8972.7955
1.4758		8972.9573
1.4759		8973.1191
1.476		8973.2809
1.4761		8973.4427
1.4762		8973.6045
1.4763		8973.7663
1.4764		8973.9281
1.4765		8974.0899
1.4766		8974.2517
1.4767		8974.4135
1.4768		8974.5753
1.4769		8974.7371
1.477		8974.8989
1.4771		8975.0607
1.4772		8975.2225
1.4773		8975.3843
1.4774		8975.5461
1.4775		8975.7079
1.4776		8975.8697
1.4777		8976.0315
1.4778		8976.1933
1.4779		8976.3552
1.478		8976.517
1.4781		8976.7192
1.4782		8976.881
1.4783		8977.0428
1.4784		8977.2046
1.4785		8977.3664
1.4786		8977.5282
1.4787		8977.69
1.4788		8977.8518
1.4789		8978.0136
1.479		8978.1754
1.4791		8978.3372
1.4792		8978.4991
1.4793		8978.6609
1.4794		8978.8227
1.4795		8978.9845
1.4796		8979.1463
1.4797		8979.3081
1.4798		8979.4699
1.4799		8979.6317
1.48		8979.7935
1.4801		8979.9553
1.4802		8980.1171
1.4803		8980.2789
1.4804		8980.4407
1.4805		8980.6025
1.4806		8980.7643
1.4807		8980.9261
1.4808		8981.0879
1.4809		8981.2497
1.481		8981.4115
1.4811		8981.5733
1.4812		8981.7351
1.4813		8981.8969
1.4814		8982.0587
1.4815		8982.2205
1.4816		8982.3823
1.4817		8982.5441
1.4818		8982.706
1.4819		8982.8678
1.482		8983.0296
1.4821		8983.1914
1.4822		8983.3532
1.4823		8983.515
1.4824		8983.6768
1.4825		8983.8386
1.4826		8984.0004
1.4827		8984.1622
1.4828		8984.324
1.4829		8984.4858
1.483		8984.6476
1.4831		8984.8094
1.4832		8984.9712
1.4833		8985.133
1.4834		8985.2948
1.4835		8985.4566
1.4836		8985.6184
1.4837		8985.7802
1.4838		8985.942
1.4839		8986.1038
1.484		8986.2656
1.4841		8986.4274
1.4842		8986.5892
1.4843		8986.751
1.4844		8986.9129
1.4845		8987.0747
1.4846		8987.2365
1.4847		8987.3983
1.4848		8987.5601
1.4849		8987.7219
1.485		8987.8837
1.4851		8988.0455
1.4852		8988.2073
1.4853		8988.3691
1.4854		8988.5309
1.4855		8988.6927
1.4856		8988.8545
1.4857		8989.0163
1.4858		8989.1781
1.4859		8989.3399
1.486		8989.5017
1.4861		8989.6635
1.4862		8989.8253
1.4863		8989.9871
1.4864		8990.1489
1.4865		8990.3107
1.4866		8990.4725
1.4867		8990.6343
1.4868		8990.7961
1.4869		8990.9579
1.487		8991.1198
1.4871		8991.2816
1.4872		8991.4434
1.4873		8991.6052
1.4874		8991.767
1.4875		8991.9288
1.4876		8992.0906
1.4877		8992.2524
1.4878		8992.4142
1.4879		8992.576
1.488		8992.7378
1.4881		8992.8996
1.4882		8993.0614
1.4883		8993.2232
1.4884		8993.385
1.4885		8993.5468
1.4886		8993.7086
1.4887		8993.8704
1.4888		8994.0322
1.4889		8994.194
1.489		8994.3558
1.4891		8994.5581
1.4892		8994.7199
1.4893		8994.8817
1.4894		8995.0435
1.4895		8995.2053
1.4896		8995.3671
1.4897		8995.5289
1.4898		8995.6907
1.4899		8995.8525
1.49		8996.0143
1.4901		8996.1761
1.4902		8996.3379
1.4903		8996.4997
1.4904		8996.6615
1.4905		8996.8233
1.4906		8996.9851
1.4907		8997.1469
1.4908		8997.3087
1.4909		8997.4706
1.491		8997.6324
1.4911		8997.7942
1.4912		8997.956
1.4913		8998.1178
1.4914		8998.2796
1.4915		8998.4414
1.4916		8998.6032
1.4917		8998.765
1.4918		8998.9268
1.4919		8999.0886
1.492		8999.2504
1.4921		8999.4122
1.4922		8999.574
1.4923		8999.7358
1.4924		8999.8976
1.4925		9000.0594
1.4926		9000.2212
1.4927		9000.383
1.4928		9000.5448
1.4929		9000.7066
1.493		9000.8684
1.4931		9001.0302
1.4932		9001.192
1.4933		9001.3538
1.4934		9001.5156
1.4935		9001.6775
1.4936		9001.8393
1.4937		9002.0011
1.4938		9002.1629
1.4939		9002.3247
1.494		9002.4865
1.4941		9002.6483
1.4942		9002.8101
1.4943		9002.9719
1.4944		9003.1337
1.4945		9003.2955
1.4946		9003.4573
1.4947		9003.6191
1.4948		9003.7809
1.4949		9003.9427
1.495		9004.1045
1.4951		9004.2663
1.4952		9004.4281
1.4953		9004.5899
1.4954		9004.7517
1.4955		9004.9135
1.4956		9005.0753
1.4957		9005.2371
1.4958		9005.3989
1.4959		9005.5607
1.496		9005.7225
1.4961		9005.8844
1.4962		9006.0462
1.4963		9006.208
1.4964		9006.3698
1.4965		9006.5316
1.4966		9006.6934
1.4967		9006.8552
1.4968		9007.017
1.4969		9007.1788
1.497		9007.3406
1.4971		9007.5024
1.4972		9007.6642
1.4973		9007.826
1.4974		9007.9878
1.4975		9008.1496
1.4976		9008.3114
1.4977		9008.4732
1.4978		9008.635
1.4979		9008.7968
1.498		9008.9